.Random.seed <-
c(403L, 186L, -892574104L, -543246929L, 263276152L, 287833428L, 
-151762929L, -189629228L, -868826701L, -1194850319L, -606859718L, 
1076447569L, -26702210L, 1255899970L, -971877731L, -294363270L, 
994302749L, 72613347L, -1688367964L, -535321477L, 441237828L, 
-893194904L, -1616862829L, -866933160L, -359671441L, 1478357893L, 
2000800910L, -9781019L, 887274130L, 1712701982L, 320579385L, 
2040112262L, 2064867169L, 1203903983L, 1987885040L, -478731769L, 
1452196912L, 1721070828L, -490305001L, 1024182620L, -1359318741L, 
-663695095L, 1219690786L, -1395439095L, 94909142L, 1820008938L, 
2091192549L, 1315530434L, 1563624421L, 1661123067L, -85978276L, 
-1084211741L, -980378868L, -871277520L, -284435509L, 509741744L, 
798062711L, 566241165L, 554632582L, -1719757143L, 1800825707L, 
1044810119L, 38229165L, -1537425776L, -400575086L, -1577398652L, 
1878995358L, 1991362767L, -422445675L, -1380006719L, -262826761L, 
-1906262178L, 2100689364L, 1153730870L, -1110166008L, -1493119555L, 
-1983480521L, 291880251L, -1672180039L, -1127200884L, -858551538L, 
-67177144L, 1772119578L, 331412707L, 522876497L, 1265926789L, 
-967056189L, 1746274170L, -195474832L, 490402058L, 1017115572L, 
-1656760895L, 88114211L, -1068480497L, -1371912475L, -107192440L, 
1038314410L, -824306532L, -762669034L, -1209906537L, 642815853L, 
-947793431L, 759947487L, -2133526394L, 609980124L, 1276186462L, 
2067050432L, -1298288587L, 1436220399L, -2012910557L, -1932156431L, 
1736666340L, -1096653914L, 326461920L, -1847207374L, 1925415691L, 
1724723273L, -1489489811L, -1175633429L, -863691454L, 957759064L, 
-392851534L, 1843499340L, -2146281799L, 407407867L, 1499000983L, 
-27596291L, -875954400L, 207688098L, -903017580L, 1882985294L, 
-551688865L, -964808123L, 1890952273L, 734216967L, -1092611122L, 
470391620L, -1216792794L, 1407544824L, 74930061L, -2120935065L, 
1546161995L, -765029335L, 1172496060L, -812022946L, 2132502872L, 
1477393354L, 1116918195L, -2117202367L, -857834059L, -1021051981L, 
1181885898L, -139843680L, 1091896186L, 1145794756L, 1310913169L, 
-1930788109L, -2125486433L, 1835605365L, 1894507160L, -2011887814L, 
1023619052L, -1206288122L, 318439655L, 2003844573L, 359298233L, 
569341231L, -1774200650L, -1769907188L, -1065558514L, -631493776L, 
-1775300795L, -1949003489L, 1190789107L, -1493111007L, 1477778132L, 
-324431754L, -501022160L, 2146339682L, -406502629L, 1210942201L, 
1394166621L, -1431285349L, 1472655250L, 652231688L, -2105206110L, 
-1497929508L, 1673143817L, -2008705525L, -207606105L, 676244365L, 
734984432L, -167110286L, 318363556L, 1071817790L, -1736471953L, 
1877255669L, -1411934431L, 364390231L, 1645110590L, 32385332L, 
-1761017834L, -2009108632L, -86118371L, -1132874025L, 246938075L, 
1971467737L, 147044268L, 675783982L, -1271410200L, -1025869830L, 
2129401603L, 1397362609L, 1240767525L, 677473571L, 822598042L, 
1765630352L, -1555797654L, 946634516L, 2098245921L, -714245437L, 
721562991L, -73098555L, -78618136L, 413271946L, 534559612L, -1662129994L, 
-713100681L, -237365363L, -1514080695L, -1410290177L, 1592184102L, 
641569212L, -1926131266L, -857512544L, -101158443L, -1469757681L, 
-472867133L, 1753762833L, -957706108L, 1013649414L, -1187390208L, 
-1605433646L, 1626926379L, 1771660585L, -898513267L, -1005755253L, 
1528874786L, -1148670152L, -333589678L, -735813076L, -707689959L, 
1907028251L, 1645019831L, -1304412963L, 1224712832L, 958422018L, 
792137908L, 1585910510L, 858022143L, 2127853093L, 1003263537L, 
-1393543449L, 1095248686L, 866383396L, -1358338810L, 1649933272L, 
-1768186259L, -1570441593L, 152142187L, -112236855L, 244251100L, 
1395680894L, 1026782712L, 388655146L, 718878547L, 1543440417L, 
-1742606507L, -683663597L, -818208534L, -1825137600L, -468711462L, 
950080036L, 1793949553L, 2006074387L, 83909759L, -250145839L, 
1943809097L, 1887436971L, 1503857456L, -242584472L, -963813684L, 
-1850084850L, 1065122047L, 1007631103L, -1707400149L, -56023255L, 
-1221292954L, -994221558L, 1227363346L, 1299893608L, -1055712879L, 
-1392838499L, -672582803L, 1032836127L, -1025878940L, -927791484L, 
-343926152L, -924600862L, 1646728851L, 173748787L, 2076606263L, 
58453429L, -125255902L, 2142178542L, -1965257306L, 106051732L, 
634963725L, -1785112487L, 974162609L, -2147025517L, -1672846968L, 
-466011072L, 1083628756L, -608949930L, -578072521L, -1846575081L, 
391759219L, -699752127L, 797802638L, -1491914718L, 1676594522L, 
751783472L, 1078419817L, -691176843L, 85693381L, -1526875177L, 
-1062021748L, 1787429196L, -1758303184L, 1622306138L, -965713925L, 
1761955643L, 773230223L, -386482723L, -1650049766L, -727186282L, 
134022206L, -270837684L, 363008917L, -1024000959L, 1153141017L, 
285735483L, -94423744L, -1212420360L, 164670844L, -1627906114L, 
1747005615L, -975364785L, -896834021L, 1277625721L, 384791286L, 
-1870932998L, 1253155170L, -1982868648L, 823699457L, 1972015885L, 
-1909726755L, 1336766799L, -873774092L, 677928532L, -1039083864L, 
674144658L, 28381987L, 2079125763L, -294481433L, -408104667L, 
-886223758L, 734390974L, -849842218L, 431761764L, 1932166525L, 
458026409L, -787666719L, -1217805565L, 1223215928L, 409730032L, 
-1650981020L, 667953318L, -1735585209L, 571702407L, 232612931L, 
1517710065L, 1746729534L, -397174606L, -875429238L, -1771540416L, 
-1351265159L, -1082990459L, -1655048683L, 249727719L, -1543230020L, 
555415100L, -589702592L, -1305555286L, 981510187L, -189696341L, 
1878930271L, 1110139053L, -391155126L, 625835078L, 762409678L, 
-1061302532L, -1732535195L, 1039834225L, -1104255447L, -1193966069L, 
601772176L, 1043825992L, -943590036L, 1248942126L, 1414766303L, 
-869800161L, 856196683L, -29609911L, 400874246L, 99404586L, 2087254962L, 
-1211247672L, -1168647183L, -1897601795L, -56851507L, 1174535231L, 
1733671300L, 1774361444L, 260980184L, -2109353790L, -1903851597L, 
1189464211L, 965512023L, 780740309L, 167839298L, 1343327118L, 
741439686L, -2117137612L, 423212013L, 234299833L, -313401199L, 
1613233715L, -1494844312L, -11275488L, 420945460L, 472635382L, 
-1392471785L, -1157971977L, -1919284399L, 2056774438L, 176240809L, 
430902460L, 1138266397L, 1479199690L, 374377775L, -1044701850L, 
-304119107L, 1421770582L, -2089525999L, -428033240L, 280405693L, 
1774901790L, 165285103L, 1069467738L, 2034826369L, 29716846L, 
347716737L, 468489388L, -2099996899L, 847333778L, 957929655L, 
-671182250L, 1049581501L, -80642842L, 1040978001L, 332581224L, 
386302901L, -1896150170L, -2085384817L, 1238143562L, 753784865L, 
-873823050L, 752646057L, 1666999100L, 328410957L, 1824212554L, 
-941316161L, -2025021002L, -1154584787L, -40501434L, 1474999777L, 
949332552L, 218540477L, -253730562L, -1933908609L, 1915878890L, 
748969153L, 1760524958L, 1429944449L, -652973220L, -1388254211L, 
1444260690L, -600995033L, 635340182L, 1338684573L, -1367572762L, 
1284314997L, 1349836361L, 1178612612L, -1189894278L, 1250779553L, 
-148384895L, -90320606L, -140108608L, -1164730087L, -754225695L, 
-459955656L, 1462527522L, 1282050261L, 1485539473L, 605055946L, 
346313076L, 1196472493L, -1229761039L, 2061249428L, 254536490L, 
1502541865L, -545665287L, -1225146278L, -576329792L, -200914071L, 
582037705L, 33727392L, 1740335058L, -1225517115L, -105201191L, 
1687592162L, -1216097844L, 2066851973L, 935057225L, -1979673004L, 
131138442L, 808271185L, 387526769L, -1844186654L, 1275091776L, 
1593369321L, 143369169L, -1941604424L, -1745140814L, 1994159157L, 
175223761L, 708770954L, -115063884L, 1936132237L, 1438375905L, 
-869122780L, 422147290L, -1273582679L, -1533310183L, 2076481802L, 
885719008L, -1171224775L, 1239685513L, -178158064L, 452579906L, 
83474149L, 793115593L, -2026128526L, -1014987716L, 1747832917L, 
434524201L, 31415844L, 1559166234L, 185110497L, 629910817L, -1971905342L, 
-686098912L, 78311865L, -100890719L, 345880056L, -1863642398L, 
2001624725L, 512818865L, -262355062L, -785387276L, -799215187L, 
-1454201583L, 488912916L, 1412945546L, -1461910071L, -274810055L, 
772174234L, -892109280L, -1705457687L, -1131153847L, -1811150240L, 
